{
 "cells": [
  {
   "cell_type": "code",
   "execution_count": 1,
   "metadata": {},
   "outputs": [],
   "source": [
    "import numpy as np\n",
    "import pandas as pd\n",
    "\n",
    "from sklearn import datasets"
   ]
  },
  {
   "cell_type": "code",
   "execution_count": 2,
   "metadata": {
    "pycharm": {
     "name": "#%%\n"
    }
   },
   "outputs": [],
   "source": [
    "pd.options.mode.chained_assignment = None\n",
    "\n",
    "np.random.seed(1)"
   ]
  },
  {
   "cell_type": "code",
   "execution_count": 3,
   "metadata": {
    "pycharm": {
     "name": "#%%\n"
    }
   },
   "outputs": [],
   "source": [
    "CLUSTERS_COUNT = 3\n",
    "\n",
    "iris = datasets.load_iris()\n",
    "data = iris.data\n",
    "target = iris.target\n",
    "target_names = iris.target_names\n",
    "\n",
    "preprocessed_data = data.copy()\n",
    "\n",
    "DIMENSIONAL = data.shape[1]\n",
    "SIZE = data.shape[0]\n",
    "\n",
    "As = np.array([np.identity(DIMENSIONAL), np.identity(DIMENSIONAL), np.identity(DIMENSIONAL)])\n",
    "\n",
    "EPSILON = 0.0005"
   ]
  },
  {
   "cell_type": "code",
   "execution_count": 4,
   "metadata": {
    "pycharm": {
     "name": "#%%\n"
    }
   },
   "outputs": [],
   "source": [
    "def encode_on_hypercube(data):\n",
    "    \"\"\"\n",
    "    Метод для кодирования на гиперкуб\n",
    "    \n",
    "    :param data: DataFrame instance\n",
    "    return DataFrame instance\n",
    "    \"\"\"\n",
    "    def encode_by_column(column):\n",
    "        minimum, maximum = np.min(column), np.max(column)\n",
    "        return np.apply_along_axis(lambda x: 2 * (x - minimum) / (maximum - minimum) - 1, 0, column)\n",
    "    \n",
    "    return np.apply_along_axis(encode_by_column, 0, data)"
   ]
  },
  {
   "cell_type": "code",
   "execution_count": 5,
   "metadata": {
    "pycharm": {
     "name": "#%%\n"
    }
   },
   "outputs": [
    {
     "data": {
      "text/plain": [
       "array([[-1.66666667e-01,  6.66666667e-01, -9.32203390e-01,\n",
       "        -9.16666667e-01,  0.00000000e+00],\n",
       "       [-5.55555556e-01, -5.83333333e-01, -3.22033898e-01,\n",
       "        -1.66666667e-01,  0.00000000e+00],\n",
       "       [ 2.77777778e-01, -1.66666667e-01,  1.52542373e-01,\n",
       "         8.33333333e-02,  0.00000000e+00],\n",
       "       [-3.88888889e-01,  5.83333333e-01, -8.98305085e-01,\n",
       "        -7.50000000e-01,  0.00000000e+00],\n",
       "       [ 1.00000000e+00,  5.00000000e-01,  8.30508475e-01,\n",
       "         5.83333333e-01,  0.00000000e+00],\n",
       "       [ 1.11111111e-01,  8.33333333e-02,  2.54237288e-01,\n",
       "         2.50000000e-01,  0.00000000e+00],\n",
       "       [ 4.44444444e-01, -8.33333333e-02,  3.89830508e-01,\n",
       "         8.33333333e-01,  0.00000000e+00],\n",
       "       [-5.55555556e-01,  5.00000000e-01, -6.94915254e-01,\n",
       "        -7.50000000e-01,  0.00000000e+00],\n",
       "       [-7.77777778e-01,  0.00000000e+00, -7.96610169e-01,\n",
       "        -9.16666667e-01,  0.00000000e+00],\n",
       "       [ 4.44444444e-01,  0.00000000e+00,  5.93220339e-01,\n",
       "         8.33333333e-01,  0.00000000e+00],\n",
       "       [-2.77777778e-01, -4.16666667e-01,  8.47457627e-02,\n",
       "         0.00000000e+00,  0.00000000e+00],\n",
       "       [-3.88888889e-01,  5.83333333e-01, -7.62711864e-01,\n",
       "        -7.50000000e-01,  0.00000000e+00],\n",
       "       [ 5.55555556e-01, -1.66666667e-01,  6.61016949e-01,\n",
       "         6.66666667e-01,  0.00000000e+00],\n",
       "       [ 1.66666667e-01,  0.00000000e+00,  1.86440678e-01,\n",
       "         1.66666667e-01,  0.00000000e+00],\n",
       "       [-5.55555556e-02, -2.50000000e-01,  1.86440678e-01,\n",
       "         1.66666667e-01,  0.00000000e+00],\n",
       "       [-9.44444444e-01,  0.00000000e+00, -8.98305085e-01,\n",
       "        -9.16666667e-01,  0.00000000e+00],\n",
       "       [-1.66666667e-01, -5.00000000e-01,  1.69491525e-02,\n",
       "        -8.33333333e-02,  0.00000000e+00],\n",
       "       [-2.77777778e-01, -1.66666667e-01,  1.86440678e-01,\n",
       "         1.66666667e-01,  0.00000000e+00],\n",
       "       [-3.88888889e-01,  1.66666667e-01, -8.30508475e-01,\n",
       "        -7.50000000e-01,  0.00000000e+00],\n",
       "       [-6.11111111e-01,  0.00000000e+00, -9.32203390e-01,\n",
       "        -9.16666667e-01,  0.00000000e+00],\n",
       "       [-3.33333333e-01, -5.00000000e-01,  1.52542373e-01,\n",
       "        -8.33333333e-02,  0.00000000e+00],\n",
       "       [-3.88888889e-01, -1.66666667e-01,  1.86440678e-01,\n",
       "         1.66666667e-01,  0.00000000e+00],\n",
       "       [ 3.33333333e-01, -1.66666667e-01,  3.55932203e-01,\n",
       "         3.33333333e-01,  0.00000000e+00],\n",
       "       [-6.11111111e-01,  2.50000000e-01, -8.98305085e-01,\n",
       "        -8.33333333e-01,  0.00000000e+00],\n",
       "       [ 6.11111111e-01,  0.00000000e+00,  6.94915254e-01,\n",
       "         4.16666667e-01,  0.00000000e+00],\n",
       "       [-2.22222222e-01, -3.33333333e-01,  5.08474576e-02,\n",
       "         0.00000000e+00,  0.00000000e+00],\n",
       "       [-3.33333333e-01,  8.33333333e-01, -8.64406780e-01,\n",
       "        -9.16666667e-01,  0.00000000e+00],\n",
       "       [-5.55555556e-01,  5.00000000e-01, -8.30508475e-01,\n",
       "        -8.33333333e-01,  0.00000000e+00],\n",
       "       [-2.22044605e-16, -3.33333333e-01,  2.54237288e-01,\n",
       "        -8.33333333e-02,  0.00000000e+00],\n",
       "       [ 1.11111111e-01, -5.83333333e-01,  3.55932203e-01,\n",
       "         5.00000000e-01,  0.00000000e+00],\n",
       "       [-2.22044605e-16, -1.66666667e-01,  2.20338983e-01,\n",
       "         8.33333333e-02,  0.00000000e+00],\n",
       "       [ 8.88888889e-01, -1.66666667e-01,  7.28813559e-01,\n",
       "         8.33333333e-01,  0.00000000e+00],\n",
       "       [-2.77777778e-01, -5.83333333e-01, -1.69491525e-02,\n",
       "        -1.66666667e-01,  0.00000000e+00],\n",
       "       [ 1.66666667e-01, -3.33333333e-01,  5.59322034e-01,\n",
       "         6.66666667e-01,  0.00000000e+00],\n",
       "       [-1.66666667e-01, -3.33333333e-01,  3.89830508e-01,\n",
       "         9.16666667e-01,  0.00000000e+00],\n",
       "       [-4.44444444e-01,  4.16666667e-01, -8.30508475e-01,\n",
       "        -9.16666667e-01,  0.00000000e+00],\n",
       "       [-3.33333333e-01, -7.50000000e-01,  1.69491525e-02,\n",
       "         0.00000000e+00,  0.00000000e+00],\n",
       "       [-5.00000000e-01,  1.66666667e-01, -8.64406780e-01,\n",
       "        -9.16666667e-01,  0.00000000e+00],\n",
       "       [ 2.22222222e-01, -3.33333333e-01,  2.20338983e-01,\n",
       "         1.66666667e-01,  0.00000000e+00],\n",
       "       [ 3.33333333e-01, -5.83333333e-01,  6.27118644e-01,\n",
       "         4.16666667e-01,  0.00000000e+00],\n",
       "       [ 3.88888889e-01, -1.66666667e-01,  5.25423729e-01,\n",
       "         6.66666667e-01,  0.00000000e+00],\n",
       "       [-5.55555556e-01,  2.50000000e-01, -8.64406780e-01,\n",
       "        -8.33333333e-01,  0.00000000e+00],\n",
       "       [-5.55555556e-02, -8.33333333e-01,  3.55932203e-01,\n",
       "         1.66666667e-01,  0.00000000e+00],\n",
       "       [ 1.11111111e-01, -2.50000000e-01,  5.59322034e-01,\n",
       "         4.16666667e-01,  0.00000000e+00],\n",
       "       [ 2.77777778e-01, -2.50000000e-01,  2.20338983e-01,\n",
       "         0.00000000e+00,  0.00000000e+00],\n",
       "       [ 8.88888889e-01, -5.00000000e-01,  1.00000000e+00,\n",
       "         8.33333333e-01,  0.00000000e+00],\n",
       "       [-2.22222222e-01,  5.00000000e-01, -7.62711864e-01,\n",
       "        -8.33333333e-01,  0.00000000e+00],\n",
       "       [-6.11111111e-01,  3.33333333e-01, -8.64406780e-01,\n",
       "        -9.16666667e-01,  0.00000000e+00],\n",
       "       [-7.22222222e-01, -1.66666667e-01, -8.64406780e-01,\n",
       "        -8.33333333e-01,  0.00000000e+00],\n",
       "       [-5.00000000e-01, -4.16666667e-01, -1.69491525e-02,\n",
       "         8.33333333e-02,  0.00000000e+00],\n",
       "       [-5.55555556e-01,  1.66666667e-01, -8.30508475e-01,\n",
       "        -9.16666667e-01,  0.00000000e+00],\n",
       "       [-3.33333333e-01,  2.50000000e-01, -8.98305085e-01,\n",
       "        -9.16666667e-01,  0.00000000e+00],\n",
       "       [ 8.88888889e-01,  5.00000000e-01,  9.32203390e-01,\n",
       "         7.50000000e-01,  0.00000000e+00],\n",
       "       [ 4.44444444e-01, -8.33333333e-02,  4.91525424e-01,\n",
       "         6.66666667e-01,  0.00000000e+00],\n",
       "       [ 6.66666667e-01, -2.50000000e-01,  7.96610169e-01,\n",
       "         4.16666667e-01,  0.00000000e+00],\n",
       "       [ 1.66666667e-01, -3.33333333e-01,  5.59322034e-01,\n",
       "         7.50000000e-01,  0.00000000e+00],\n",
       "       [ 5.55555556e-02, -3.33333333e-01,  2.88135593e-01,\n",
       "         4.16666667e-01,  0.00000000e+00],\n",
       "       [-5.55555556e-02,  1.66666667e-01,  1.86440678e-01,\n",
       "         2.50000000e-01,  0.00000000e+00],\n",
       "       [ 8.88888889e-01, -3.33333333e-01,  9.32203390e-01,\n",
       "         5.83333333e-01,  0.00000000e+00],\n",
       "       [-2.22222222e-01, -1.66666667e-01,  8.47457627e-02,\n",
       "        -8.33333333e-02,  0.00000000e+00],\n",
       "       [-7.22222222e-01,  1.66666667e-01, -7.96610169e-01,\n",
       "        -9.16666667e-01,  0.00000000e+00],\n",
       "       [-2.22222222e-01, -5.83333333e-01,  3.55932203e-01,\n",
       "         5.83333333e-01,  0.00000000e+00],\n",
       "       [ 1.11111111e-01, -4.16666667e-01,  3.22033898e-01,\n",
       "         4.16666667e-01,  0.00000000e+00],\n",
       "       [-7.22222222e-01, -1.66666667e-01, -8.64406780e-01,\n",
       "        -1.00000000e+00,  0.00000000e+00],\n",
       "       [-7.77777778e-01,  0.00000000e+00, -8.98305085e-01,\n",
       "        -9.16666667e-01,  0.00000000e+00],\n",
       "       [ 2.22222222e-01, -1.66666667e-01,  6.27118644e-01,\n",
       "         7.50000000e-01,  0.00000000e+00],\n",
       "       [-8.33333333e-01,  1.66666667e-01, -8.64406780e-01,\n",
       "        -8.33333333e-01,  0.00000000e+00],\n",
       "       [-2.22044605e-16, -1.66666667e-01,  3.22033898e-01,\n",
       "         4.16666667e-01,  0.00000000e+00],\n",
       "       [ 2.22222222e-01,  0.00000000e+00,  3.89830508e-01,\n",
       "         5.83333333e-01,  0.00000000e+00],\n",
       "       [ 3.33333333e-01, -8.33333333e-02,  1.52542373e-01,\n",
       "         8.33333333e-02,  0.00000000e+00],\n",
       "       [-2.22222222e-01, -3.33333333e-01,  1.86440678e-01,\n",
       "         0.00000000e+00,  0.00000000e+00],\n",
       "       [ 3.33333333e-01,  8.33333333e-02,  5.93220339e-01,\n",
       "         1.00000000e+00,  0.00000000e+00],\n",
       "       [-5.55555556e-02, -1.66666667e-01,  2.88135593e-01,\n",
       "         4.16666667e-01,  0.00000000e+00],\n",
       "       [-5.55555556e-01,  5.00000000e-01, -7.96610169e-01,\n",
       "        -9.16666667e-01,  0.00000000e+00],\n",
       "       [-5.55555556e-02, -8.33333333e-01,  1.69491525e-02,\n",
       "        -2.50000000e-01,  0.00000000e+00],\n",
       "       [ 1.66666667e-01, -2.50000000e-01,  1.18644068e-01,\n",
       "         0.00000000e+00,  0.00000000e+00],\n",
       "       [ 2.22222222e-01, -1.66666667e-01,  5.25423729e-01,\n",
       "         4.16666667e-01,  0.00000000e+00],\n",
       "       [-6.11111111e-01, -7.50000000e-01, -2.20338983e-01,\n",
       "        -2.50000000e-01,  0.00000000e+00],\n",
       "       [ 1.11111111e-01,  8.33333333e-02,  6.94915254e-01,\n",
       "         1.00000000e+00,  0.00000000e+00],\n",
       "       [-3.33333333e-01, -5.83333333e-01,  1.69491525e-02,\n",
       "         0.00000000e+00,  0.00000000e+00],\n",
       "       [-3.88888889e-01,  4.16666667e-01, -8.30508475e-01,\n",
       "        -9.16666667e-01,  0.00000000e+00],\n",
       "       [-6.66666667e-01, -8.33333333e-02, -8.30508475e-01,\n",
       "        -9.16666667e-01,  0.00000000e+00],\n",
       "       [-5.00000000e-01,  7.50000000e-01, -8.30508475e-01,\n",
       "        -1.00000000e+00,  0.00000000e+00],\n",
       "       [ 3.33333333e-01,  8.33333333e-02,  5.93220339e-01,\n",
       "         6.66666667e-01,  0.00000000e+00],\n",
       "       [-9.44444444e-01, -1.66666667e-01, -8.98305085e-01,\n",
       "        -9.16666667e-01,  0.00000000e+00],\n",
       "       [-5.55555556e-02, -4.16666667e-01,  3.89830508e-01,\n",
       "         2.50000000e-01,  0.00000000e+00],\n",
       "       [ 1.66666667e-01, -4.16666667e-01,  4.57627119e-01,\n",
       "         5.00000000e-01,  0.00000000e+00],\n",
       "       [-1.11111111e-01, -1.66666667e-01,  3.89830508e-01,\n",
       "         4.16666667e-01,  0.00000000e+00],\n",
       "       [-5.00000000e-01,  2.50000000e-01, -8.30508475e-01,\n",
       "        -9.16666667e-01,  0.00000000e+00],\n",
       "       [-5.55555556e-01,  8.33333333e-02, -7.62711864e-01,\n",
       "        -6.66666667e-01,  0.00000000e+00],\n",
       "       [-1.66666667e-01, -4.16666667e-01,  5.08474576e-02,\n",
       "        -2.50000000e-01,  0.00000000e+00],\n",
       "       [-6.66666667e-01, -8.33333333e-02, -8.30508475e-01,\n",
       "        -1.00000000e+00,  0.00000000e+00],\n",
       "       [ 7.22222222e-01, -3.33333333e-01,  7.28813559e-01,\n",
       "         5.00000000e-01,  0.00000000e+00],\n",
       "       [ 5.55555556e-02, -2.50000000e-01,  1.18644068e-01,\n",
       "         0.00000000e+00,  0.00000000e+00],\n",
       "       [ 8.33333333e-01, -1.66666667e-01,  8.98305085e-01,\n",
       "         6.66666667e-01,  0.00000000e+00],\n",
       "       [ 3.33333333e-01, -1.66666667e-01,  4.23728814e-01,\n",
       "         8.33333333e-01,  0.00000000e+00],\n",
       "       [ 1.11111111e-01, -7.50000000e-01,  1.52542373e-01,\n",
       "         0.00000000e+00,  0.00000000e+00],\n",
       "       [ 5.55555556e-02,  1.66666667e-01,  4.91525424e-01,\n",
       "         8.33333333e-01,  0.00000000e+00],\n",
       "       [ 6.11111111e-01,  3.33333333e-01,  7.28813559e-01,\n",
       "         1.00000000e+00,  0.00000000e+00],\n",
       "       [-2.77777778e-01, -2.50000000e-01, -1.18644068e-01,\n",
       "         0.00000000e+00,  0.00000000e+00],\n",
       "       [-2.22222222e-01,  1.00000000e+00, -8.30508475e-01,\n",
       "        -7.50000000e-01,  0.00000000e+00],\n",
       "       [-1.66666667e-01, -4.16666667e-01, -1.69491525e-02,\n",
       "        -8.33333333e-02,  0.00000000e+00],\n",
       "       [-8.88888889e-01, -7.50000000e-01, -8.98305085e-01,\n",
       "        -8.33333333e-01,  0.00000000e+00],\n",
       "       [-3.33333333e-01, -6.66666667e-01, -5.08474576e-02,\n",
       "        -1.66666667e-01,  0.00000000e+00],\n",
       "       [ 4.44444444e-01, -8.33333333e-02,  3.22033898e-01,\n",
       "         1.66666667e-01,  0.00000000e+00],\n",
       "       [-6.11111111e-01,  1.66666667e-01, -7.96610169e-01,\n",
       "        -7.50000000e-01,  0.00000000e+00],\n",
       "       [ 3.88888889e-01, -3.33333333e-01,  2.88135593e-01,\n",
       "         8.33333333e-02,  0.00000000e+00],\n",
       "       [-6.11111111e-01,  2.50000000e-01, -7.96610169e-01,\n",
       "        -5.83333333e-01,  0.00000000e+00],\n",
       "       [-7.22222222e-01,  1.66666667e-01, -6.94915254e-01,\n",
       "        -9.16666667e-01,  0.00000000e+00],\n",
       "       [ 1.11111111e-01,  1.66666667e-01,  5.59322034e-01,\n",
       "         9.16666667e-01,  0.00000000e+00],\n",
       "       [-2.77777778e-01, -3.33333333e-01,  3.22033898e-01,\n",
       "         5.83333333e-01,  0.00000000e+00],\n",
       "       [ 3.88888889e-01,  0.00000000e+00,  6.61016949e-01,\n",
       "         8.33333333e-01,  0.00000000e+00],\n",
       "       [-6.11111111e-01,  8.33333333e-02, -8.64406780e-01,\n",
       "        -9.16666667e-01,  0.00000000e+00],\n",
       "       [-5.55555556e-01,  4.16666667e-01, -8.30508475e-01,\n",
       "        -7.50000000e-01,  0.00000000e+00],\n",
       "       [-1.11111111e-01,  0.00000000e+00,  2.88135593e-01,\n",
       "         4.16666667e-01,  0.00000000e+00],\n",
       "       [-8.33333333e-01, -8.33333333e-02, -8.30508475e-01,\n",
       "        -9.16666667e-01,  0.00000000e+00],\n",
       "       [-1.66666667e-01, -4.16666667e-01,  3.89830508e-01,\n",
       "         5.00000000e-01,  0.00000000e+00],\n",
       "       [-7.22222222e-01, -8.33333333e-02, -7.96610169e-01,\n",
       "        -9.16666667e-01,  0.00000000e+00],\n",
       "       [ 2.22222222e-01, -1.66666667e-01,  4.23728814e-01,\n",
       "         5.83333333e-01,  0.00000000e+00],\n",
       "       [-6.66666667e-01, -5.83333333e-01,  1.86440678e-01,\n",
       "         3.33333333e-01,  0.00000000e+00],\n",
       "       [-8.33333333e-01,  0.00000000e+00, -8.64406780e-01,\n",
       "        -9.16666667e-01,  0.00000000e+00],\n",
       "       [ 1.66666667e-01,  0.00000000e+00,  4.57627119e-01,\n",
       "         8.33333333e-01,  0.00000000e+00],\n",
       "       [-1.00000000e+00, -1.66666667e-01, -9.66101695e-01,\n",
       "        -1.00000000e+00,  0.00000000e+00],\n",
       "       [-2.77777778e-01, -1.66666667e-01,  5.08474576e-02,\n",
       "         0.00000000e+00,  0.00000000e+00],\n",
       "       [-9.44444444e-01, -2.50000000e-01, -8.64406780e-01,\n",
       "        -9.16666667e-01,  0.00000000e+00],\n",
       "       [-3.33333333e-01, -6.66666667e-01, -8.47457627e-02,\n",
       "        -2.50000000e-01,  0.00000000e+00],\n",
       "       [-6.11111111e-01, -1.00000000e+00, -1.52542373e-01,\n",
       "        -2.50000000e-01,  0.00000000e+00],\n",
       "       [-5.55555556e-01,  2.50000000e-01, -8.64406780e-01,\n",
       "        -9.16666667e-01,  0.00000000e+00],\n",
       "       [-6.66666667e-01, -1.66666667e-01, -8.64406780e-01,\n",
       "        -9.16666667e-01,  0.00000000e+00],\n",
       "       [-6.66666667e-01, -6.66666667e-01, -2.20338983e-01,\n",
       "        -2.50000000e-01,  0.00000000e+00],\n",
       "       [-8.33333333e-01,  3.33333333e-01, -1.00000000e+00,\n",
       "        -9.16666667e-01,  0.00000000e+00],\n",
       "       [-1.11111111e-01, -1.66666667e-01,  8.47457627e-02,\n",
       "         1.66666667e-01,  0.00000000e+00],\n",
       "       [-2.22044605e-16, -2.50000000e-01,  2.54237288e-01,\n",
       "         8.33333333e-02,  0.00000000e+00],\n",
       "       [-6.11111111e-01,  1.66666667e-01, -8.30508475e-01,\n",
       "        -9.16666667e-01,  0.00000000e+00],\n",
       "       [ 3.33333333e-01, -8.33333333e-02,  2.54237288e-01,\n",
       "         1.66666667e-01,  0.00000000e+00],\n",
       "       [-2.22222222e-01, -2.50000000e-01,  8.47457627e-02,\n",
       "         0.00000000e+00,  0.00000000e+00],\n",
       "       [ 5.55555556e-02, -8.33333333e-01,  1.86440678e-01,\n",
       "         1.66666667e-01,  0.00000000e+00],\n",
       "       [ 5.00000000e-01,  0.00000000e+00,  2.54237288e-01,\n",
       "         8.33333333e-02,  0.00000000e+00],\n",
       "       [-1.66666667e-01, -4.16666667e-01,  3.89830508e-01,\n",
       "         5.00000000e-01,  0.00000000e+00],\n",
       "       [-3.88888889e-01,  1.66666667e-01, -7.62711864e-01,\n",
       "        -9.16666667e-01,  0.00000000e+00],\n",
       "       [-6.11111111e-01, -1.66666667e-01, -7.96610169e-01,\n",
       "        -9.16666667e-01,  0.00000000e+00],\n",
       "       [-2.22044605e-16, -5.00000000e-01,  5.59322034e-01,\n",
       "         8.33333333e-02,  0.00000000e+00],\n",
       "       [-2.22044605e-16, -3.33333333e-01,  1.69491525e-02,\n",
       "         0.00000000e+00,  0.00000000e+00],\n",
       "       [ 6.11111111e-01, -1.66666667e-01,  6.27118644e-01,\n",
       "         2.50000000e-01,  0.00000000e+00],\n",
       "       [-2.22222222e-01, -5.00000000e-01, -1.52542373e-01,\n",
       "        -2.50000000e-01,  0.00000000e+00],\n",
       "       [ 1.11111111e-01, -3.33333333e-01,  3.89830508e-01,\n",
       "         1.66666667e-01,  0.00000000e+00],\n",
       "       [ 1.66666667e-01, -8.33333333e-02,  5.25423729e-01,\n",
       "         4.16666667e-01,  0.00000000e+00],\n",
       "       [ 1.11111111e-01, -5.83333333e-01,  3.22033898e-01,\n",
       "         1.66666667e-01,  0.00000000e+00],\n",
       "       [ 3.33333333e-01, -8.33333333e-02,  5.59322034e-01,\n",
       "         9.16666667e-01,  0.00000000e+00],\n",
       "       [-6.66666667e-01,  3.33333333e-01, -8.64406780e-01,\n",
       "        -1.00000000e+00,  0.00000000e+00]])"
      ]
     },
     "execution_count": 5,
     "metadata": {},
     "output_type": "execute_result"
    }
   ],
   "source": [
    "preprocessed_data = encode_on_hypercube(preprocessed_data)\n",
    "np.random.shuffle(preprocessed_data)\n",
    "\n",
    "cluster_column = np.zeros((data.shape[0], 1))\n",
    "preprocessed_data = np.append(preprocessed_data, cluster_column, axis=1)\n",
    "preprocessed_data"
   ]
  },
  {
   "cell_type": "code",
   "execution_count": 6,
   "metadata": {
    "pycharm": {
     "name": "#%%\n"
    }
   },
   "outputs": [
    {
     "data": {
      "text/plain": [
       "array([[ 0.24672023, -0.96835751,  0.85887447,  0.38179384],\n",
       "       [ 0.9946457 , -0.65531898, -0.7257285 ,  0.86519093],\n",
       "       [ 0.39363632, -0.86799965,  0.51092611,  0.50775238]])"
      ]
     },
     "execution_count": 6,
     "metadata": {},
     "output_type": "execute_result"
    }
   ],
   "source": [
    "centroids = np.random.uniform(low=-1, high=1, size=(CLUSTERS_COUNT, DIMENSIONAL))\n",
    "centroids"
   ]
  },
  {
   "cell_type": "code",
   "execution_count": 7,
   "metadata": {
    "pycharm": {
     "name": "#%%\n"
    }
   },
   "outputs": [],
   "source": [
    "def get_distance(row, center, A):\n",
    "    diff = row - center\n",
    "    result = np.dot(np.dot(diff.reshape((1, DIMENSIONAL)), A), diff.reshape((DIMENSIONAL, 1)) ).item()\n",
    "\n",
    "    return result"
   ]
  },
  {
   "cell_type": "code",
   "execution_count": 8,
   "metadata": {},
   "outputs": [],
   "source": [
    "def get_owners(data, centers, As):\n",
    "    owners = np.zeros((SIZE, CLUSTERS_COUNT))\n",
    "    for index, row in enumerate(data):\n",
    "        distances = np.array([1 / get_distance(row[:DIMENSIONAL], center, np.linalg.inv(As[n_index])) \n",
    "                              for n_index, center in enumerate(centers)])\n",
    "        sum_distances = np.sum(distances)\n",
    "\n",
    "        owners[index] = np.array([\n",
    "            dist / sum_distances for dist in distances\n",
    "        ])\n",
    "    \n",
    "    assert owners.shape == (SIZE, CLUSTERS_COUNT)\n",
    "\n",
    "    return owners"
   ]
  },
  {
   "cell_type": "code",
   "execution_count": 9,
   "metadata": {},
   "outputs": [],
   "source": [
    "def get_centroids(data, owners):\n",
    "    sqrt_owners = np.power(owners, 2)\n",
    "    \n",
    "    sum_center = np.apply_along_axis(np.sum, 0, sqrt_owners)\n",
    "    \n",
    "    sum_data = np.zeros((CLUSTERS_COUNT, DIMENSIONAL))\n",
    "    for index, row in enumerate(data):\n",
    "        sum_data += np.dot(\n",
    "            sqrt_owners[index].reshape((CLUSTERS_COUNT, 1)),\n",
    "            row[:DIMENSIONAL].reshape((1, DIMENSIONAL))\n",
    "        )\n",
    "    \n",
    "    result = sum_data / sum_center.reshape((CLUSTERS_COUNT, 1))\n",
    "\n",
    "    assert result.shape == (CLUSTERS_COUNT, DIMENSIONAL)\n",
    "    return result"
   ]
  },
  {
   "cell_type": "code",
   "execution_count": 10,
   "metadata": {},
   "outputs": [],
   "source": [
    "def get_new_Fs(data, centroids, owners):\n",
    "    Fs = np.zeros((CLUSTERS_COUNT, DIMENSIONAL, DIMENSIONAL))\n",
    "    \n",
    "    sqrt_owners = np.power(owners, 2)\n",
    "    \n",
    "    for index, center in enumerate(centroids):\n",
    "\n",
    "        for n_index, row in enumerate(data):\n",
    "            diff = row[:DIMENSIONAL] - center   \n",
    "\n",
    "            Fs[index] += np.dot(\n",
    "                (sqrt_owners[n_index][index] * diff).reshape((DIMENSIONAL, 1)),\n",
    "                diff.reshape((1, DIMENSIONAL))\n",
    "            )\n",
    "        Fs[index] /= np.sum(sqrt_owners.T[index])\n",
    "\n",
    "    return Fs"
   ]
  },
  {
   "cell_type": "code",
   "execution_count": 11,
   "metadata": {},
   "outputs": [],
   "source": [
    "def get_new_As(data, centroids, owners):\n",
    "    Fs = get_new_Fs(data, centroids, owners)\n",
    "    \n",
    "    As = np.zeros((CLUSTERS_COUNT, DIMENSIONAL, DIMENSIONAL))\n",
    "    for index, F in enumerate(Fs):\n",
    "        As[index] = np.sqrt(np.sqrt(1 / np.linalg.det(F))) * F\n",
    "    \n",
    "    return As"
   ]
  },
  {
   "cell_type": "code",
   "execution_count": 15,
   "metadata": {},
   "outputs": [],
   "source": [
    "def get_answer(data, centroids, As):\n",
    "    owners = get_owners(data, centroids, As)\n",
    "    new_centroids = get_centroids(data, owners)\n",
    "    \n",
    "    As = get_new_As(data, new_centroids, owners)\n",
    "        \n",
    "    while any([get_distance(new_centroids[index], centroids[index], As[index]) > EPSILON\n",
    "               for index in range(centroids.shape[0])\n",
    "              ]):\n",
    "        owners = get_owners(data, new_centroids, As)\n",
    "\n",
    "        centroids = new_centroids\n",
    "        new_centroids = get_centroids(data, owners)\n",
    "        As = get_new_As(data, new_centroids, owners)\n",
    "\n",
    "    return data, new_centroids, As, owners"
   ]
  },
  {
   "cell_type": "code",
   "execution_count": 17,
   "metadata": {},
   "outputs": [],
   "source": [
    "result_data, new_centroids, new_As, new_owners = get_answer(preprocessed_data, centroids, As)"
   ]
  },
  {
   "cell_type": "code",
   "execution_count": 18,
   "metadata": {},
   "outputs": [
    {
     "data": {
      "text/plain": [
       "array([[ 0.02088759, -0.32852148,  0.20517664,  0.10045009],\n",
       "       [-0.60248446,  0.19874842, -0.84131775, -0.87884282],\n",
       "       [ 0.16637381, -0.18693857,  0.45071742,  0.58512411]])"
      ]
     },
     "execution_count": 18,
     "metadata": {},
     "output_type": "execute_result"
    }
   ],
   "source": [
    "new_centroids"
   ]
  },
  {
   "cell_type": "code",
   "execution_count": 19,
   "metadata": {},
   "outputs": [
    {
     "data": {
      "text/plain": [
       "array([[0.05130057, 0.924354  , 0.02434543],\n",
       "       [0.65291093, 0.12338887, 0.2237002 ],\n",
       "       [0.71599381, 0.02850744, 0.25549876],\n",
       "       [0.0446127 , 0.93596316, 0.01942415],\n",
       "       [0.61347406, 0.03379547, 0.35273047],\n",
       "       [0.65593731, 0.02219096, 0.32187173],\n",
       "       [0.18408134, 0.03928561, 0.77663304],\n",
       "       [0.06144453, 0.91010733, 0.02844814],\n",
       "       [0.02906311, 0.95879084, 0.01214606],\n",
       "       [0.07364012, 0.00650281, 0.91985708],\n",
       "       [0.81781988, 0.01179456, 0.17038556],\n",
       "       [0.02619802, 0.96207014, 0.01173183],\n",
       "       [0.28052564, 0.00969458, 0.70977978],\n",
       "       [0.73610501, 0.02156954, 0.24232545],\n",
       "       [0.81992782, 0.00587385, 0.17419833],\n",
       "       [0.05447456, 0.92466491, 0.02086053],\n",
       "       [0.88909696, 0.0108437 , 0.10005935],\n",
       "       [0.55934211, 0.02627387, 0.41438401],\n",
       "       [0.05467016, 0.92353054, 0.0217993 ],\n",
       "       [0.03752114, 0.94822626, 0.0142526 ],\n",
       "       [0.55845993, 0.03733832, 0.40420175],\n",
       "       [0.5013591 , 0.03945517, 0.45918573],\n",
       "       [0.55085342, 0.0102196 , 0.43892698],\n",
       "       [0.01866856, 0.97399777, 0.00733367],\n",
       "       [0.6605663 , 0.01510737, 0.32432634],\n",
       "       [0.89590604, 0.00819628, 0.09589767],\n",
       "       [0.02900982, 0.95669667, 0.01429351],\n",
       "       [0.01577452, 0.97727003, 0.00695545],\n",
       "       [0.5608326 , 0.03277454, 0.40639286],\n",
       "       [0.26624383, 0.0235041 , 0.71025208],\n",
       "       [0.81273154, 0.00995617, 0.17731229],\n",
       "       [0.30547063, 0.02672364, 0.66780573],\n",
       "       [0.81106618, 0.02252343, 0.16641038],\n",
       "       [0.15026852, 0.00859437, 0.84113711],\n",
       "       [0.14694685, 0.03351076, 0.81954239],\n",
       "       [0.01128457, 0.98358473, 0.00513071],\n",
       "       [0.6622263 , 0.03388657, 0.30388713],\n",
       "       [0.01476585, 0.97910913, 0.00612501],\n",
       "       [0.69390482, 0.01451266, 0.29158252],\n",
       "       [0.58400977, 0.01916357, 0.39682667],\n",
       "       [0.07767058, 0.00464826, 0.91768116],\n",
       "       [0.00824725, 0.98845938, 0.00329337],\n",
       "       [0.56637499, 0.03086674, 0.40275827],\n",
       "       [0.50079813, 0.01426359, 0.48493828],\n",
       "       [0.74383946, 0.02030179, 0.23585876],\n",
       "       [0.54936865, 0.03105232, 0.41957903],\n",
       "       [0.03727903, 0.94540537, 0.0173156 ],\n",
       "       [0.00587747, 0.99157765, 0.00254488],\n",
       "       [0.04541439, 0.93921904, 0.01536657],\n",
       "       [0.59337256, 0.03891491, 0.36771253],\n",
       "       [0.00681565, 0.99031433, 0.00287002],\n",
       "       [0.04894404, 0.92981286, 0.0212431 ],\n",
       "       [0.58773108, 0.02957483, 0.38269409],\n",
       "       [0.13004519, 0.00950118, 0.86045363],\n",
       "       [0.63437882, 0.02039607, 0.34522511],\n",
       "       [0.12223718, 0.01000796, 0.86775486],\n",
       "       [0.15665649, 0.00791536, 0.83542815],\n",
       "       [0.57972491, 0.04232886, 0.37794623],\n",
       "       [0.63549238, 0.02327635, 0.34123127],\n",
       "       [0.67446531, 0.04016676, 0.28536793],\n",
       "       [0.02393042, 0.9654863 , 0.01058328],\n",
       "       [0.24150705, 0.02879785, 0.7296951 ],\n",
       "       [0.20848825, 0.0100746 , 0.78143715],\n",
       "       [0.04340565, 0.9390997 , 0.01749465],\n",
       "       [0.01609716, 0.97786755, 0.00603529],\n",
       "       [0.13639061, 0.00804748, 0.8555619 ],\n",
       "       [0.04564377, 0.9366737 , 0.01768253],\n",
       "       [0.16940733, 0.00628327, 0.8243094 ],\n",
       "       [0.13607497, 0.00948924, 0.8544358 ],\n",
       "       [0.68931258, 0.03781347, 0.27287395],\n",
       "       [0.62940402, 0.0240789 , 0.34651708],\n",
       "       [0.0816727 , 0.01190639, 0.90642091],\n",
       "       [0.18688915, 0.00887969, 0.80423116],\n",
       "       [0.02526114, 0.96254964, 0.01218922],\n",
       "       [0.59731166, 0.06441095, 0.33827739],\n",
       "       [0.79577866, 0.02014332, 0.18407802],\n",
       "       [0.51797243, 0.0077649 , 0.47426267],\n",
       "       [0.73050979, 0.07036083, 0.19912939],\n",
       "       [0.18361485, 0.02233564, 0.79404951],\n",
       "       [0.76856922, 0.01890955, 0.21252123],\n",
       "       [0.01655532, 0.97589602, 0.00754865],\n",
       "       [0.02016889, 0.97205426, 0.00777685],\n",
       "       [0.04632993, 0.92912152, 0.02454856],\n",
       "       [0.22421726, 0.00979153, 0.76599121],\n",
       "       [0.05458246, 0.92611792, 0.01929962],\n",
       "       [0.54174444, 0.01246911, 0.44578645],\n",
       "       [0.19651771, 0.00755489, 0.79592741],\n",
       "       [0.32485412, 0.01469408, 0.66045179],\n",
       "       [0.00870912, 0.98751929, 0.00377159],\n",
       "       [0.07772354, 0.89441018, 0.02786629],\n",
       "       [0.61516646, 0.05032806, 0.33450548],\n",
       "       [0.04330006, 0.93808188, 0.01861805],\n",
       "       [0.60573775, 0.01671285, 0.3775494 ],\n",
       "       [0.88579994, 0.00938885, 0.1048112 ],\n",
       "       [0.62625001, 0.01684274, 0.35690725],\n",
       "       [0.13465477, 0.02401124, 0.841334  ],\n",
       "       [0.60459785, 0.03939107, 0.35601108],\n",
       "       [0.15354297, 0.02017567, 0.82628136],\n",
       "       [0.18636389, 0.01886148, 0.79477463],\n",
       "       [0.71108533, 0.05550575, 0.23340891],\n",
       "       [0.04384534, 0.93479317, 0.0213615 ],\n",
       "       [0.89599665, 0.01239669, 0.09160666],\n",
       "       [0.23812603, 0.68673341, 0.07514057],\n",
       "       [0.78944894, 0.02852841, 0.18202266],\n",
       "       [0.71834361, 0.01860815, 0.26304824],\n",
       "       [0.02656305, 0.96343411, 0.01000284],\n",
       "       [0.68791688, 0.02014761, 0.29193551],\n",
       "       [0.13021526, 0.82019505, 0.04958968],\n",
       "       [0.08664617, 0.86847799, 0.04487585],\n",
       "       [0.13815506, 0.0184706 , 0.84337434],\n",
       "       [0.17670775, 0.02061941, 0.80267284],\n",
       "       [0.09580418, 0.00643121, 0.89776461],\n",
       "       [0.00647924, 0.99093666, 0.0025841 ],\n",
       "       [0.02858251, 0.95966553, 0.01175196],\n",
       "       [0.34186808, 0.0219254 , 0.63620652],\n",
       "       [0.02783598, 0.96132949, 0.01083453],\n",
       "       [0.22779312, 0.01514138, 0.7570655 ],\n",
       "       [0.02728234, 0.96180536, 0.0109123 ],\n",
       "       [0.03209599, 0.00189071, 0.9660133 ],\n",
       "       [0.38239064, 0.05679122, 0.56081814],\n",
       "       [0.02197554, 0.96949638, 0.00852808],\n",
       "       [0.07417978, 0.01027121, 0.91554901],\n",
       "       [0.07453619, 0.89810906, 0.02735475],\n",
       "       [0.73506193, 0.02955791, 0.23538016],\n",
       "       [0.05864965, 0.92061961, 0.02073075],\n",
       "       [0.75468496, 0.04125438, 0.20406066],\n",
       "       [0.61972861, 0.09285242, 0.28741897],\n",
       "       [0.00352635, 0.99498625, 0.0014874 ],\n",
       "       [0.03752233, 0.94868361, 0.01379407],\n",
       "       [0.7276973 , 0.07119721, 0.20110549],\n",
       "       [0.06935363, 0.90271774, 0.02792863],\n",
       "       [0.66624605, 0.02317056, 0.31058339],\n",
       "       [0.79615401, 0.00853383, 0.19531216],\n",
       "       [0.00402295, 0.99428483, 0.00169222],\n",
       "       [0.73800644, 0.01775341, 0.24424015],\n",
       "       [0.80457696, 0.01609065, 0.17933239],\n",
       "       [0.50774443, 0.04723094, 0.44502463],\n",
       "       [0.66723349, 0.03943042, 0.29333609],\n",
       "       [0.22779312, 0.01514138, 0.7570655 ],\n",
       "       [0.05065225, 0.92649261, 0.02285514],\n",
       "       [0.05437911, 0.92438527, 0.02123562],\n",
       "       [0.46672979, 0.05268343, 0.48058678],\n",
       "       [0.7842508 , 0.02565827, 0.19009093],\n",
       "       [0.62477892, 0.02045174, 0.35476934],\n",
       "       [0.78635556, 0.05152918, 0.16211526],\n",
       "       [0.68923339, 0.00933534, 0.30143128],\n",
       "       [0.50462375, 0.0121244 , 0.48325185],\n",
       "       [0.6626492 , 0.01196445, 0.32538635],\n",
       "       [0.07086151, 0.00940132, 0.91973718],\n",
       "       [0.02432628, 0.96424409, 0.01142963]])"
      ]
     },
     "execution_count": 19,
     "metadata": {},
     "output_type": "execute_result"
    }
   ],
   "source": [
    "new_owners"
   ]
  },
  {
   "cell_type": "code",
   "execution_count": null,
   "metadata": {},
   "outputs": [],
   "source": []
  }
 ],
 "metadata": {
  "kernelspec": {
   "display_name": "Python 3",
   "language": "python",
   "name": "python3"
  },
  "language_info": {
   "codemirror_mode": {
    "name": "ipython",
    "version": 3
   },
   "file_extension": ".py",
   "mimetype": "text/x-python",
   "name": "python",
   "nbconvert_exporter": "python",
   "pygments_lexer": "ipython3",
   "version": "3.8.6"
  },
  "pycharm": {
   "stem_cell": {
    "cell_type": "raw",
    "metadata": {
     "collapsed": false
    },
    "source": []
   }
  }
 },
 "nbformat": 4,
 "nbformat_minor": 1
}
