{
 "cells": [
  {
   "cell_type": "code",
   "execution_count": 1,
   "metadata": {
    "pycharm": {
     "name": "#%%\n"
    }
   },
   "outputs": [],
   "source": [
    "import numpy as np\n",
    "import pandas as pd\n",
    "\n",
    "from sklearn import datasets"
   ]
  },
  {
   "cell_type": "code",
   "execution_count": 2,
   "metadata": {
    "pycharm": {
     "name": "#%%\n"
    }
   },
   "outputs": [],
   "source": [
    "pd.options.mode.chained_assignment = None\n",
    "\n",
    "np.random.seed(1)"
   ]
  },
  {
   "cell_type": "code",
   "execution_count": 3,
   "metadata": {
    "pycharm": {
     "name": "#%%\n"
    }
   },
   "outputs": [
    {
     "name": "stdout",
     "output_type": "stream",
     "text": [
      "     5.1  3.5  1.4  0.2     Iris-setosa\n",
      "0    4.9  3.0  1.4  0.2     Iris-setosa\n",
      "1    4.7  3.2  1.3  0.2     Iris-setosa\n",
      "2    4.6  3.1  1.5  0.2     Iris-setosa\n",
      "3    5.0  3.6  1.4  0.2     Iris-setosa\n",
      "4    5.4  3.9  1.7  0.4     Iris-setosa\n",
      "..   ...  ...  ...  ...             ...\n",
      "144  6.7  3.0  5.2  2.3  Iris-virginica\n",
      "145  6.3  2.5  5.0  1.9  Iris-virginica\n",
      "146  6.5  3.0  5.2  2.0  Iris-virginica\n",
      "147  6.2  3.4  5.4  2.3  Iris-virginica\n",
      "148  5.9  3.0  5.1  1.8  Iris-virginica\n",
      "\n",
      "[149 rows x 5 columns]\n"
     ]
    }
   ],
   "source": [
    "CLUSTERS_COUNT = 3\n",
    "\n",
    "iris = datasets.load_iris()\n",
    "data = iris.data\n",
    "target = iris.target\n",
    "target_names = iris.target_names\n",
    "\n",
    "preprocessed_data = data.copy()\n",
    "\n",
    "print(pd.read_csv('./data/iris.data'))\n",
    "\n",
    "DIMENSIONAL = data.shape[1]\n",
    "SIZE = data.shape[0]\n",
    "\n",
    "As = np.array([np.identity(DIMENSIONAL), np.identity(DIMENSIONAL), np.identity(DIMENSIONAL)])\n",
    "\n",
    "EPSILON = 0.000005"
   ]
  },
  {
   "cell_type": "code",
   "execution_count": 4,
   "metadata": {
    "pycharm": {
     "name": "#%%\n"
    }
   },
   "outputs": [],
   "source": [
    "def encode_on_hypercube(data):\n",
    "    \"\"\"\n",
    "    Метод для кодирования на гиперкуб\n",
    "    \n",
    "    :param data: DataFrame instance\n",
    "    return DataFrame instance\n",
    "    \"\"\"\n",
    "    def encode_by_column(column):\n",
    "        minimum, maximum = np.min(column), np.max(column)\n",
    "        return np.apply_along_axis(lambda x: 2 * (x - minimum) / (maximum - minimum) - 1, 0, column)\n",
    "    \n",
    "    return np.apply_along_axis(encode_by_column, 0, data)"
   ]
  },
  {
   "cell_type": "code",
   "execution_count": 5,
   "metadata": {
    "pycharm": {
     "name": "#%%\n"
    }
   },
   "outputs": [
    {
     "data": {
      "text/plain": [
       "array([[-1.66666667e-01,  6.66666667e-01, -9.32203390e-01,\n",
       "        -9.16666667e-01,  0.00000000e+00],\n",
       "       [-5.55555556e-01, -5.83333333e-01, -3.22033898e-01,\n",
       "        -1.66666667e-01,  0.00000000e+00],\n",
       "       [ 2.77777778e-01, -1.66666667e-01,  1.52542373e-01,\n",
       "         8.33333333e-02,  0.00000000e+00],\n",
       "       [-3.88888889e-01,  5.83333333e-01, -8.98305085e-01,\n",
       "        -7.50000000e-01,  0.00000000e+00],\n",
       "       [ 1.00000000e+00,  5.00000000e-01,  8.30508475e-01,\n",
       "         5.83333333e-01,  0.00000000e+00],\n",
       "       [ 1.11111111e-01,  8.33333333e-02,  2.54237288e-01,\n",
       "         2.50000000e-01,  0.00000000e+00],\n",
       "       [ 4.44444444e-01, -8.33333333e-02,  3.89830508e-01,\n",
       "         8.33333333e-01,  0.00000000e+00],\n",
       "       [-5.55555556e-01,  5.00000000e-01, -6.94915254e-01,\n",
       "        -7.50000000e-01,  0.00000000e+00],\n",
       "       [-7.77777778e-01,  0.00000000e+00, -7.96610169e-01,\n",
       "        -9.16666667e-01,  0.00000000e+00],\n",
       "       [ 4.44444444e-01,  0.00000000e+00,  5.93220339e-01,\n",
       "         8.33333333e-01,  0.00000000e+00],\n",
       "       [-2.77777778e-01, -4.16666667e-01,  8.47457627e-02,\n",
       "         0.00000000e+00,  0.00000000e+00],\n",
       "       [-3.88888889e-01,  5.83333333e-01, -7.62711864e-01,\n",
       "        -7.50000000e-01,  0.00000000e+00],\n",
       "       [ 5.55555556e-01, -1.66666667e-01,  6.61016949e-01,\n",
       "         6.66666667e-01,  0.00000000e+00],\n",
       "       [ 1.66666667e-01,  0.00000000e+00,  1.86440678e-01,\n",
       "         1.66666667e-01,  0.00000000e+00],\n",
       "       [-5.55555556e-02, -2.50000000e-01,  1.86440678e-01,\n",
       "         1.66666667e-01,  0.00000000e+00],\n",
       "       [-9.44444444e-01,  0.00000000e+00, -8.98305085e-01,\n",
       "        -9.16666667e-01,  0.00000000e+00],\n",
       "       [-1.66666667e-01, -5.00000000e-01,  1.69491525e-02,\n",
       "        -8.33333333e-02,  0.00000000e+00],\n",
       "       [-2.77777778e-01, -1.66666667e-01,  1.86440678e-01,\n",
       "         1.66666667e-01,  0.00000000e+00],\n",
       "       [-3.88888889e-01,  1.66666667e-01, -8.30508475e-01,\n",
       "        -7.50000000e-01,  0.00000000e+00],\n",
       "       [-6.11111111e-01,  0.00000000e+00, -9.32203390e-01,\n",
       "        -9.16666667e-01,  0.00000000e+00],\n",
       "       [-3.33333333e-01, -5.00000000e-01,  1.52542373e-01,\n",
       "        -8.33333333e-02,  0.00000000e+00],\n",
       "       [-3.88888889e-01, -1.66666667e-01,  1.86440678e-01,\n",
       "         1.66666667e-01,  0.00000000e+00],\n",
       "       [ 3.33333333e-01, -1.66666667e-01,  3.55932203e-01,\n",
       "         3.33333333e-01,  0.00000000e+00],\n",
       "       [-6.11111111e-01,  2.50000000e-01, -8.98305085e-01,\n",
       "        -8.33333333e-01,  0.00000000e+00],\n",
       "       [ 6.11111111e-01,  0.00000000e+00,  6.94915254e-01,\n",
       "         4.16666667e-01,  0.00000000e+00],\n",
       "       [-2.22222222e-01, -3.33333333e-01,  5.08474576e-02,\n",
       "         0.00000000e+00,  0.00000000e+00],\n",
       "       [-3.33333333e-01,  8.33333333e-01, -8.64406780e-01,\n",
       "        -9.16666667e-01,  0.00000000e+00],\n",
       "       [-5.55555556e-01,  5.00000000e-01, -8.30508475e-01,\n",
       "        -8.33333333e-01,  0.00000000e+00],\n",
       "       [-2.22044605e-16, -3.33333333e-01,  2.54237288e-01,\n",
       "        -8.33333333e-02,  0.00000000e+00],\n",
       "       [ 1.11111111e-01, -5.83333333e-01,  3.55932203e-01,\n",
       "         5.00000000e-01,  0.00000000e+00],\n",
       "       [-2.22044605e-16, -1.66666667e-01,  2.20338983e-01,\n",
       "         8.33333333e-02,  0.00000000e+00],\n",
       "       [ 8.88888889e-01, -1.66666667e-01,  7.28813559e-01,\n",
       "         8.33333333e-01,  0.00000000e+00],\n",
       "       [-2.77777778e-01, -5.83333333e-01, -1.69491525e-02,\n",
       "        -1.66666667e-01,  0.00000000e+00],\n",
       "       [ 1.66666667e-01, -3.33333333e-01,  5.59322034e-01,\n",
       "         6.66666667e-01,  0.00000000e+00],\n",
       "       [-1.66666667e-01, -3.33333333e-01,  3.89830508e-01,\n",
       "         9.16666667e-01,  0.00000000e+00],\n",
       "       [-4.44444444e-01,  4.16666667e-01, -8.30508475e-01,\n",
       "        -9.16666667e-01,  0.00000000e+00],\n",
       "       [-3.33333333e-01, -7.50000000e-01,  1.69491525e-02,\n",
       "         0.00000000e+00,  0.00000000e+00],\n",
       "       [-5.00000000e-01,  1.66666667e-01, -8.64406780e-01,\n",
       "        -9.16666667e-01,  0.00000000e+00],\n",
       "       [ 2.22222222e-01, -3.33333333e-01,  2.20338983e-01,\n",
       "         1.66666667e-01,  0.00000000e+00],\n",
       "       [ 3.33333333e-01, -5.83333333e-01,  6.27118644e-01,\n",
       "         4.16666667e-01,  0.00000000e+00],\n",
       "       [ 3.88888889e-01, -1.66666667e-01,  5.25423729e-01,\n",
       "         6.66666667e-01,  0.00000000e+00],\n",
       "       [-5.55555556e-01,  2.50000000e-01, -8.64406780e-01,\n",
       "        -8.33333333e-01,  0.00000000e+00],\n",
       "       [-5.55555556e-02, -8.33333333e-01,  3.55932203e-01,\n",
       "         1.66666667e-01,  0.00000000e+00],\n",
       "       [ 1.11111111e-01, -2.50000000e-01,  5.59322034e-01,\n",
       "         4.16666667e-01,  0.00000000e+00],\n",
       "       [ 2.77777778e-01, -2.50000000e-01,  2.20338983e-01,\n",
       "         0.00000000e+00,  0.00000000e+00],\n",
       "       [ 8.88888889e-01, -5.00000000e-01,  1.00000000e+00,\n",
       "         8.33333333e-01,  0.00000000e+00],\n",
       "       [-2.22222222e-01,  5.00000000e-01, -7.62711864e-01,\n",
       "        -8.33333333e-01,  0.00000000e+00],\n",
       "       [-6.11111111e-01,  3.33333333e-01, -8.64406780e-01,\n",
       "        -9.16666667e-01,  0.00000000e+00],\n",
       "       [-7.22222222e-01, -1.66666667e-01, -8.64406780e-01,\n",
       "        -8.33333333e-01,  0.00000000e+00],\n",
       "       [-5.00000000e-01, -4.16666667e-01, -1.69491525e-02,\n",
       "         8.33333333e-02,  0.00000000e+00],\n",
       "       [-5.55555556e-01,  1.66666667e-01, -8.30508475e-01,\n",
       "        -9.16666667e-01,  0.00000000e+00],\n",
       "       [-3.33333333e-01,  2.50000000e-01, -8.98305085e-01,\n",
       "        -9.16666667e-01,  0.00000000e+00],\n",
       "       [ 8.88888889e-01,  5.00000000e-01,  9.32203390e-01,\n",
       "         7.50000000e-01,  0.00000000e+00],\n",
       "       [ 4.44444444e-01, -8.33333333e-02,  4.91525424e-01,\n",
       "         6.66666667e-01,  0.00000000e+00],\n",
       "       [ 6.66666667e-01, -2.50000000e-01,  7.96610169e-01,\n",
       "         4.16666667e-01,  0.00000000e+00],\n",
       "       [ 1.66666667e-01, -3.33333333e-01,  5.59322034e-01,\n",
       "         7.50000000e-01,  0.00000000e+00],\n",
       "       [ 5.55555556e-02, -3.33333333e-01,  2.88135593e-01,\n",
       "         4.16666667e-01,  0.00000000e+00],\n",
       "       [-5.55555556e-02,  1.66666667e-01,  1.86440678e-01,\n",
       "         2.50000000e-01,  0.00000000e+00],\n",
       "       [ 8.88888889e-01, -3.33333333e-01,  9.32203390e-01,\n",
       "         5.83333333e-01,  0.00000000e+00],\n",
       "       [-2.22222222e-01, -1.66666667e-01,  8.47457627e-02,\n",
       "        -8.33333333e-02,  0.00000000e+00],\n",
       "       [-7.22222222e-01,  1.66666667e-01, -7.96610169e-01,\n",
       "        -9.16666667e-01,  0.00000000e+00],\n",
       "       [-2.22222222e-01, -5.83333333e-01,  3.55932203e-01,\n",
       "         5.83333333e-01,  0.00000000e+00],\n",
       "       [ 1.11111111e-01, -4.16666667e-01,  3.22033898e-01,\n",
       "         4.16666667e-01,  0.00000000e+00],\n",
       "       [-7.22222222e-01, -1.66666667e-01, -8.64406780e-01,\n",
       "        -1.00000000e+00,  0.00000000e+00],\n",
       "       [-7.77777778e-01,  0.00000000e+00, -8.98305085e-01,\n",
       "        -9.16666667e-01,  0.00000000e+00],\n",
       "       [ 2.22222222e-01, -1.66666667e-01,  6.27118644e-01,\n",
       "         7.50000000e-01,  0.00000000e+00],\n",
       "       [-8.33333333e-01,  1.66666667e-01, -8.64406780e-01,\n",
       "        -8.33333333e-01,  0.00000000e+00],\n",
       "       [-2.22044605e-16, -1.66666667e-01,  3.22033898e-01,\n",
       "         4.16666667e-01,  0.00000000e+00],\n",
       "       [ 2.22222222e-01,  0.00000000e+00,  3.89830508e-01,\n",
       "         5.83333333e-01,  0.00000000e+00],\n",
       "       [ 3.33333333e-01, -8.33333333e-02,  1.52542373e-01,\n",
       "         8.33333333e-02,  0.00000000e+00],\n",
       "       [-2.22222222e-01, -3.33333333e-01,  1.86440678e-01,\n",
       "         0.00000000e+00,  0.00000000e+00],\n",
       "       [ 3.33333333e-01,  8.33333333e-02,  5.93220339e-01,\n",
       "         1.00000000e+00,  0.00000000e+00],\n",
       "       [-5.55555556e-02, -1.66666667e-01,  2.88135593e-01,\n",
       "         4.16666667e-01,  0.00000000e+00],\n",
       "       [-5.55555556e-01,  5.00000000e-01, -7.96610169e-01,\n",
       "        -9.16666667e-01,  0.00000000e+00],\n",
       "       [-5.55555556e-02, -8.33333333e-01,  1.69491525e-02,\n",
       "        -2.50000000e-01,  0.00000000e+00],\n",
       "       [ 1.66666667e-01, -2.50000000e-01,  1.18644068e-01,\n",
       "         0.00000000e+00,  0.00000000e+00],\n",
       "       [ 2.22222222e-01, -1.66666667e-01,  5.25423729e-01,\n",
       "         4.16666667e-01,  0.00000000e+00],\n",
       "       [-6.11111111e-01, -7.50000000e-01, -2.20338983e-01,\n",
       "        -2.50000000e-01,  0.00000000e+00],\n",
       "       [ 1.11111111e-01,  8.33333333e-02,  6.94915254e-01,\n",
       "         1.00000000e+00,  0.00000000e+00],\n",
       "       [-3.33333333e-01, -5.83333333e-01,  1.69491525e-02,\n",
       "         0.00000000e+00,  0.00000000e+00],\n",
       "       [-3.88888889e-01,  4.16666667e-01, -8.30508475e-01,\n",
       "        -9.16666667e-01,  0.00000000e+00],\n",
       "       [-6.66666667e-01, -8.33333333e-02, -8.30508475e-01,\n",
       "        -9.16666667e-01,  0.00000000e+00],\n",
       "       [-5.00000000e-01,  7.50000000e-01, -8.30508475e-01,\n",
       "        -1.00000000e+00,  0.00000000e+00],\n",
       "       [ 3.33333333e-01,  8.33333333e-02,  5.93220339e-01,\n",
       "         6.66666667e-01,  0.00000000e+00],\n",
       "       [-9.44444444e-01, -1.66666667e-01, -8.98305085e-01,\n",
       "        -9.16666667e-01,  0.00000000e+00],\n",
       "       [-5.55555556e-02, -4.16666667e-01,  3.89830508e-01,\n",
       "         2.50000000e-01,  0.00000000e+00],\n",
       "       [ 1.66666667e-01, -4.16666667e-01,  4.57627119e-01,\n",
       "         5.00000000e-01,  0.00000000e+00],\n",
       "       [-1.11111111e-01, -1.66666667e-01,  3.89830508e-01,\n",
       "         4.16666667e-01,  0.00000000e+00],\n",
       "       [-5.00000000e-01,  2.50000000e-01, -8.30508475e-01,\n",
       "        -9.16666667e-01,  0.00000000e+00],\n",
       "       [-5.55555556e-01,  8.33333333e-02, -7.62711864e-01,\n",
       "        -6.66666667e-01,  0.00000000e+00],\n",
       "       [-1.66666667e-01, -4.16666667e-01,  5.08474576e-02,\n",
       "        -2.50000000e-01,  0.00000000e+00],\n",
       "       [-6.66666667e-01, -8.33333333e-02, -8.30508475e-01,\n",
       "        -1.00000000e+00,  0.00000000e+00],\n",
       "       [ 7.22222222e-01, -3.33333333e-01,  7.28813559e-01,\n",
       "         5.00000000e-01,  0.00000000e+00],\n",
       "       [ 5.55555556e-02, -2.50000000e-01,  1.18644068e-01,\n",
       "         0.00000000e+00,  0.00000000e+00],\n",
       "       [ 8.33333333e-01, -1.66666667e-01,  8.98305085e-01,\n",
       "         6.66666667e-01,  0.00000000e+00],\n",
       "       [ 3.33333333e-01, -1.66666667e-01,  4.23728814e-01,\n",
       "         8.33333333e-01,  0.00000000e+00],\n",
       "       [ 1.11111111e-01, -7.50000000e-01,  1.52542373e-01,\n",
       "         0.00000000e+00,  0.00000000e+00],\n",
       "       [ 5.55555556e-02,  1.66666667e-01,  4.91525424e-01,\n",
       "         8.33333333e-01,  0.00000000e+00],\n",
       "       [ 6.11111111e-01,  3.33333333e-01,  7.28813559e-01,\n",
       "         1.00000000e+00,  0.00000000e+00],\n",
       "       [-2.77777778e-01, -2.50000000e-01, -1.18644068e-01,\n",
       "         0.00000000e+00,  0.00000000e+00],\n",
       "       [-2.22222222e-01,  1.00000000e+00, -8.30508475e-01,\n",
       "        -7.50000000e-01,  0.00000000e+00],\n",
       "       [-1.66666667e-01, -4.16666667e-01, -1.69491525e-02,\n",
       "        -8.33333333e-02,  0.00000000e+00],\n",
       "       [-8.88888889e-01, -7.50000000e-01, -8.98305085e-01,\n",
       "        -8.33333333e-01,  0.00000000e+00],\n",
       "       [-3.33333333e-01, -6.66666667e-01, -5.08474576e-02,\n",
       "        -1.66666667e-01,  0.00000000e+00],\n",
       "       [ 4.44444444e-01, -8.33333333e-02,  3.22033898e-01,\n",
       "         1.66666667e-01,  0.00000000e+00],\n",
       "       [-6.11111111e-01,  1.66666667e-01, -7.96610169e-01,\n",
       "        -7.50000000e-01,  0.00000000e+00],\n",
       "       [ 3.88888889e-01, -3.33333333e-01,  2.88135593e-01,\n",
       "         8.33333333e-02,  0.00000000e+00],\n",
       "       [-6.11111111e-01,  2.50000000e-01, -7.96610169e-01,\n",
       "        -5.83333333e-01,  0.00000000e+00],\n",
       "       [-7.22222222e-01,  1.66666667e-01, -6.94915254e-01,\n",
       "        -9.16666667e-01,  0.00000000e+00],\n",
       "       [ 1.11111111e-01,  1.66666667e-01,  5.59322034e-01,\n",
       "         9.16666667e-01,  0.00000000e+00],\n",
       "       [-2.77777778e-01, -3.33333333e-01,  3.22033898e-01,\n",
       "         5.83333333e-01,  0.00000000e+00],\n",
       "       [ 3.88888889e-01,  0.00000000e+00,  6.61016949e-01,\n",
       "         8.33333333e-01,  0.00000000e+00],\n",
       "       [-6.11111111e-01,  8.33333333e-02, -8.64406780e-01,\n",
       "        -9.16666667e-01,  0.00000000e+00],\n",
       "       [-5.55555556e-01,  4.16666667e-01, -8.30508475e-01,\n",
       "        -7.50000000e-01,  0.00000000e+00],\n",
       "       [-1.11111111e-01,  0.00000000e+00,  2.88135593e-01,\n",
       "         4.16666667e-01,  0.00000000e+00],\n",
       "       [-8.33333333e-01, -8.33333333e-02, -8.30508475e-01,\n",
       "        -9.16666667e-01,  0.00000000e+00],\n",
       "       [-1.66666667e-01, -4.16666667e-01,  3.89830508e-01,\n",
       "         5.00000000e-01,  0.00000000e+00],\n",
       "       [-7.22222222e-01, -8.33333333e-02, -7.96610169e-01,\n",
       "        -9.16666667e-01,  0.00000000e+00],\n",
       "       [ 2.22222222e-01, -1.66666667e-01,  4.23728814e-01,\n",
       "         5.83333333e-01,  0.00000000e+00],\n",
       "       [-6.66666667e-01, -5.83333333e-01,  1.86440678e-01,\n",
       "         3.33333333e-01,  0.00000000e+00],\n",
       "       [-8.33333333e-01,  0.00000000e+00, -8.64406780e-01,\n",
       "        -9.16666667e-01,  0.00000000e+00],\n",
       "       [ 1.66666667e-01,  0.00000000e+00,  4.57627119e-01,\n",
       "         8.33333333e-01,  0.00000000e+00],\n",
       "       [-1.00000000e+00, -1.66666667e-01, -9.66101695e-01,\n",
       "        -1.00000000e+00,  0.00000000e+00],\n",
       "       [-2.77777778e-01, -1.66666667e-01,  5.08474576e-02,\n",
       "         0.00000000e+00,  0.00000000e+00],\n",
       "       [-9.44444444e-01, -2.50000000e-01, -8.64406780e-01,\n",
       "        -9.16666667e-01,  0.00000000e+00],\n",
       "       [-3.33333333e-01, -6.66666667e-01, -8.47457627e-02,\n",
       "        -2.50000000e-01,  0.00000000e+00],\n",
       "       [-6.11111111e-01, -1.00000000e+00, -1.52542373e-01,\n",
       "        -2.50000000e-01,  0.00000000e+00],\n",
       "       [-5.55555556e-01,  2.50000000e-01, -8.64406780e-01,\n",
       "        -9.16666667e-01,  0.00000000e+00],\n",
       "       [-6.66666667e-01, -1.66666667e-01, -8.64406780e-01,\n",
       "        -9.16666667e-01,  0.00000000e+00],\n",
       "       [-6.66666667e-01, -6.66666667e-01, -2.20338983e-01,\n",
       "        -2.50000000e-01,  0.00000000e+00],\n",
       "       [-8.33333333e-01,  3.33333333e-01, -1.00000000e+00,\n",
       "        -9.16666667e-01,  0.00000000e+00],\n",
       "       [-1.11111111e-01, -1.66666667e-01,  8.47457627e-02,\n",
       "         1.66666667e-01,  0.00000000e+00],\n",
       "       [-2.22044605e-16, -2.50000000e-01,  2.54237288e-01,\n",
       "         8.33333333e-02,  0.00000000e+00],\n",
       "       [-6.11111111e-01,  1.66666667e-01, -8.30508475e-01,\n",
       "        -9.16666667e-01,  0.00000000e+00],\n",
       "       [ 3.33333333e-01, -8.33333333e-02,  2.54237288e-01,\n",
       "         1.66666667e-01,  0.00000000e+00],\n",
       "       [-2.22222222e-01, -2.50000000e-01,  8.47457627e-02,\n",
       "         0.00000000e+00,  0.00000000e+00],\n",
       "       [ 5.55555556e-02, -8.33333333e-01,  1.86440678e-01,\n",
       "         1.66666667e-01,  0.00000000e+00],\n",
       "       [ 5.00000000e-01,  0.00000000e+00,  2.54237288e-01,\n",
       "         8.33333333e-02,  0.00000000e+00],\n",
       "       [-1.66666667e-01, -4.16666667e-01,  3.89830508e-01,\n",
       "         5.00000000e-01,  0.00000000e+00],\n",
       "       [-3.88888889e-01,  1.66666667e-01, -7.62711864e-01,\n",
       "        -9.16666667e-01,  0.00000000e+00],\n",
       "       [-6.11111111e-01, -1.66666667e-01, -7.96610169e-01,\n",
       "        -9.16666667e-01,  0.00000000e+00],\n",
       "       [-2.22044605e-16, -5.00000000e-01,  5.59322034e-01,\n",
       "         8.33333333e-02,  0.00000000e+00],\n",
       "       [-2.22044605e-16, -3.33333333e-01,  1.69491525e-02,\n",
       "         0.00000000e+00,  0.00000000e+00],\n",
       "       [ 6.11111111e-01, -1.66666667e-01,  6.27118644e-01,\n",
       "         2.50000000e-01,  0.00000000e+00],\n",
       "       [-2.22222222e-01, -5.00000000e-01, -1.52542373e-01,\n",
       "        -2.50000000e-01,  0.00000000e+00],\n",
       "       [ 1.11111111e-01, -3.33333333e-01,  3.89830508e-01,\n",
       "         1.66666667e-01,  0.00000000e+00],\n",
       "       [ 1.66666667e-01, -8.33333333e-02,  5.25423729e-01,\n",
       "         4.16666667e-01,  0.00000000e+00],\n",
       "       [ 1.11111111e-01, -5.83333333e-01,  3.22033898e-01,\n",
       "         1.66666667e-01,  0.00000000e+00],\n",
       "       [ 3.33333333e-01, -8.33333333e-02,  5.59322034e-01,\n",
       "         9.16666667e-01,  0.00000000e+00],\n",
       "       [-6.66666667e-01,  3.33333333e-01, -8.64406780e-01,\n",
       "        -1.00000000e+00,  0.00000000e+00]])"
      ]
     },
     "execution_count": 5,
     "metadata": {},
     "output_type": "execute_result"
    }
   ],
   "source": [
    "preprocessed_data = encode_on_hypercube(preprocessed_data)\n",
    "np.random.shuffle(preprocessed_data)\n",
    "\n",
    "cluster_column = np.zeros((data.shape[0], 1))\n",
    "preprocessed_data = np.append(preprocessed_data, cluster_column, axis=1)\n",
    "preprocessed_data"
   ]
  },
  {
   "cell_type": "code",
   "execution_count": 6,
   "metadata": {
    "pycharm": {
     "name": "#%%\n"
    }
   },
   "outputs": [
    {
     "data": {
      "text/plain": [
       "array([[ 0.24672023, -0.96835751,  0.85887447,  0.38179384],\n",
       "       [ 0.9946457 , -0.65531898, -0.7257285 ,  0.86519093],\n",
       "       [ 0.39363632, -0.86799965,  0.51092611,  0.50775238]])"
      ]
     },
     "execution_count": 6,
     "metadata": {},
     "output_type": "execute_result"
    }
   ],
   "source": [
    "centroids = np.random.uniform(low=-1, high=1, size=(CLUSTERS_COUNT, DIMENSIONAL))\n",
    "centroids"
   ]
  },
  {
   "cell_type": "code",
   "execution_count": 7,
   "metadata": {
    "pycharm": {
     "name": "#%%\n"
    }
   },
   "outputs": [],
   "source": [
    "def get_distance(row, center, A):\n",
    "    diff = row - center\n",
    "    result = np.dot(np.dot(diff.reshape((1, DIMENSIONAL)), A), diff.reshape((DIMENSIONAL, 1)) ).item()\n",
    "\n",
    "    return result"
   ]
  },
  {
   "cell_type": "code",
   "execution_count": 8,
   "metadata": {
    "pycharm": {
     "name": "#%%\n"
    }
   },
   "outputs": [],
   "source": [
    "def get_owners(data, centers, As):\n",
    "    owners = np.zeros((SIZE, CLUSTERS_COUNT))\n",
    "    for index, row in enumerate(data):\n",
    "        distances = np.array([1 / get_distance(row[:DIMENSIONAL], center, np.linalg.inv(As[n_index])) \n",
    "                              for n_index, center in enumerate(centers)])\n",
    "        sum_distances = np.sum(distances)\n",
    "\n",
    "        owners[index] = np.array([\n",
    "            dist / sum_distances for dist in distances\n",
    "        ])\n",
    "    \n",
    "    assert owners.shape == (SIZE, CLUSTERS_COUNT)\n",
    "\n",
    "    return owners"
   ]
  },
  {
   "cell_type": "code",
   "execution_count": 9,
   "metadata": {
    "pycharm": {
     "name": "#%%\n"
    }
   },
   "outputs": [],
   "source": [
    "def get_centroids(data, owners):\n",
    "    sqrt_owners = np.power(owners, 2)\n",
    "    \n",
    "    sum_center = np.apply_along_axis(np.sum, 0, sqrt_owners)\n",
    "    \n",
    "    sum_data = np.zeros((CLUSTERS_COUNT, DIMENSIONAL))\n",
    "    for index, row in enumerate(data):\n",
    "        sum_data += np.dot(\n",
    "            sqrt_owners[index].reshape((CLUSTERS_COUNT, 1)),\n",
    "            row[:DIMENSIONAL].reshape((1, DIMENSIONAL))\n",
    "        )\n",
    "    \n",
    "    result = sum_data / sum_center.reshape((CLUSTERS_COUNT, 1))\n",
    "\n",
    "    assert result.shape == (CLUSTERS_COUNT, DIMENSIONAL)\n",
    "    return result"
   ]
  },
  {
   "cell_type": "code",
   "execution_count": 10,
   "metadata": {
    "pycharm": {
     "name": "#%%\n"
    }
   },
   "outputs": [],
   "source": [
    "def get_new_Fs(data, centroids, owners):\n",
    "    Fs = np.zeros((CLUSTERS_COUNT, DIMENSIONAL, DIMENSIONAL))\n",
    "    \n",
    "    sqrt_owners = np.power(owners, 2)\n",
    "    \n",
    "    for index, center in enumerate(centroids):\n",
    "\n",
    "        for n_index, row in enumerate(data):\n",
    "            diff = row[:DIMENSIONAL] - center   \n",
    "\n",
    "            Fs[index] += np.dot(\n",
    "                (sqrt_owners[n_index][index] * diff).reshape((DIMENSIONAL, 1)),\n",
    "                diff.reshape((1, DIMENSIONAL))\n",
    "            )\n",
    "        Fs[index] /= np.sum(sqrt_owners.T[index])\n",
    "\n",
    "    return Fs"
   ]
  },
  {
   "cell_type": "code",
   "execution_count": 11,
   "metadata": {
    "pycharm": {
     "name": "#%%\n"
    }
   },
   "outputs": [],
   "source": [
    "def get_new_As(data, centroids, owners):\n",
    "    Fs = get_new_Fs(data, centroids, owners)\n",
    "    \n",
    "    As = np.zeros((CLUSTERS_COUNT, DIMENSIONAL, DIMENSIONAL))\n",
    "    for index, F in enumerate(Fs):\n",
    "        As[index] = np.sqrt(np.sqrt(1 / np.linalg.det(F))) * F\n",
    "    \n",
    "    return As"
   ]
  },
  {
   "cell_type": "code",
   "execution_count": 12,
   "metadata": {
    "pycharm": {
     "name": "#%%\n"
    }
   },
   "outputs": [],
   "source": [
    "def get_answer(data, centroids, As):\n",
    "    owners = get_owners(data, centroids, As)\n",
    "    new_centroids = get_centroids(data, owners)\n",
    "    \n",
    "    As = get_new_As(data, new_centroids, owners)\n",
    "        \n",
    "    while any([get_distance(new_centroids[index], centroids[index], As[index]) > EPSILON\n",
    "               for index in range(centroids.shape[0])\n",
    "              ]):\n",
    "        owners = get_owners(data, new_centroids, As)\n",
    "\n",
    "        centroids = new_centroids\n",
    "        new_centroids = get_centroids(data, owners)\n",
    "        As = get_new_As(data, new_centroids, owners)\n",
    "\n",
    "    return data, new_centroids, As, owners"
   ]
  },
  {
   "cell_type": "code",
   "execution_count": 13,
   "metadata": {
    "pycharm": {
     "name": "#%%\n"
    }
   },
   "outputs": [],
   "source": [
    "result_data, new_centroids, new_As, new_owners = get_answer(preprocessed_data, centroids, As)"
   ]
  },
  {
   "cell_type": "code",
   "execution_count": 14,
   "metadata": {
    "pycharm": {
     "name": "#%%\n"
    }
   },
   "outputs": [
    {
     "data": {
      "text/plain": [
       "array([[ 0.02022624, -0.33183622,  0.19428502,  0.08806911],\n",
       "       [-0.60319312,  0.1983778 , -0.84222725, -0.87996004],\n",
       "       [ 0.16188103, -0.18695067,  0.45617274,  0.59356582]])"
      ]
     },
     "execution_count": 14,
     "metadata": {},
     "output_type": "execute_result"
    }
   ],
   "source": [
    "new_centroids"
   ]
  },
  {
   "cell_type": "code",
   "execution_count": 15,
   "metadata": {
    "pycharm": {
     "name": "#%%\n"
    }
   },
   "outputs": [
    {
     "data": {
      "text/plain": [
       "array([[0.0500374 , 0.92810153, 0.02186107],\n",
       "       [0.69954165, 0.09678189, 0.20367646],\n",
       "       [0.77253351, 0.02036304, 0.20710345],\n",
       "       [0.04206705, 0.9413    , 0.01663295],\n",
       "       [0.64671921, 0.02431087, 0.32896992],\n",
       "       [0.67892607, 0.01706891, 0.30400501],\n",
       "       [0.16730175, 0.02989657, 0.80280168],\n",
       "       [0.06503395, 0.90656461, 0.02840144],\n",
       "       [0.02639001, 0.9631102 , 0.01049978],\n",
       "       [0.06312154, 0.00483162, 0.93204684],\n",
       "       [0.82263903, 0.00949962, 0.16786135],\n",
       "       [0.02735377, 0.96132642, 0.0113198 ],\n",
       "       [0.2526591 , 0.00747358, 0.73986732],\n",
       "       [0.78010545, 0.01555698, 0.20433757],\n",
       "       [0.80711587, 0.00557004, 0.18731409],\n",
       "       [0.05056644, 0.93121006, 0.0182235 ],\n",
       "       [0.92376862, 0.00668821, 0.06954316],\n",
       "       [0.53217334, 0.0207022 , 0.44712446],\n",
       "       [0.05288129, 0.92820924, 0.01890947],\n",
       "       [0.03611688, 0.95136409, 0.01251903],\n",
       "       [0.55356913, 0.02838862, 0.41804225],\n",
       "       [0.4702265 , 0.03016096, 0.49961254],\n",
       "       [0.59165607, 0.00839461, 0.39994932],\n",
       "       [0.01780263, 0.97579721, 0.00640015],\n",
       "       [0.67333825, 0.0111195 , 0.31554225],\n",
       "       [0.90462041, 0.0064994 , 0.08888019],\n",
       "       [0.02753805, 0.95972465, 0.0127373 ],\n",
       "       [0.01428272, 0.97984105, 0.00587624],\n",
       "       [0.56340059, 0.02636721, 0.4102322 ],\n",
       "       [0.24481032, 0.01811231, 0.73707736],\n",
       "       [0.82512964, 0.00780275, 0.16706761],\n",
       "       [0.28467134, 0.01992835, 0.69540031],\n",
       "       [0.84652928, 0.01605309, 0.13741763],\n",
       "       [0.11903635, 0.00617384, 0.87478981],\n",
       "       [0.12664312, 0.02620924, 0.84714765],\n",
       "       [0.0100511 , 0.98566186, 0.00428704],\n",
       "       [0.69574786, 0.02527552, 0.27897662],\n",
       "       [0.01323041, 0.98168524, 0.00508435],\n",
       "       [0.74928716, 0.01076965, 0.23994319],\n",
       "       [0.56686405, 0.01445096, 0.41868499],\n",
       "       [0.06930565, 0.00359409, 0.92710026],\n",
       "       [0.00750338, 0.98974761, 0.00274901],\n",
       "       [0.56905249, 0.02258963, 0.40835788],\n",
       "       [0.4486782 , 0.01075978, 0.54056203],\n",
       "       [0.78429379, 0.01536237, 0.20034384],\n",
       "       [0.5345899 , 0.02396779, 0.44144231],\n",
       "       [0.03611163, 0.948345  , 0.01554337],\n",
       "       [0.00595061, 0.9916303 , 0.00241909],\n",
       "       [0.04140189, 0.94594469, 0.01265343],\n",
       "       [0.58123264, 0.03220939, 0.38655797],\n",
       "       [0.00601325, 0.99161659, 0.00237016],\n",
       "       [0.04506915, 0.936995  , 0.01793584],\n",
       "       [0.60655939, 0.02180933, 0.37163129],\n",
       "       [0.12258908, 0.00752184, 0.86988908],\n",
       "       [0.63530114, 0.01526171, 0.34943715],\n",
       "       [0.09966807, 0.00732773, 0.8930042 ],\n",
       "       [0.16112119, 0.00715918, 0.83171963],\n",
       "       [0.58934812, 0.03308755, 0.37756433],\n",
       "       [0.63681787, 0.01743041, 0.34575173],\n",
       "       [0.68646675, 0.03172064, 0.28181262],\n",
       "       [0.0213308 , 0.96966888, 0.00900032],\n",
       "       [0.20759799, 0.02185783, 0.77054418],\n",
       "       [0.20428095, 0.00850478, 0.78721427],\n",
       "       [0.03784247, 0.9477804 , 0.01437714],\n",
       "       [0.01564192, 0.97891007, 0.00544801],\n",
       "       [0.11010851, 0.0059151 , 0.88397639],\n",
       "       [0.04170016, 0.94324483, 0.01505501],\n",
       "       [0.15285001, 0.00521073, 0.84193926],\n",
       "       [0.13241236, 0.00793745, 0.85965018],\n",
       "       [0.74499657, 0.02739797, 0.22760547],\n",
       "       [0.62391853, 0.01871692, 0.35736455],\n",
       "       [0.06937466, 0.00891431, 0.92171103],\n",
       "       [0.16680094, 0.00720613, 0.82599293],\n",
       "       [0.02223325, 0.96754808, 0.01021867],\n",
       "       [0.6405986 , 0.05111043, 0.30829097],\n",
       "       [0.84403196, 0.01394344, 0.1420246 ],\n",
       "       [0.46226728, 0.00617947, 0.53155324],\n",
       "       [0.77918984, 0.05023236, 0.17057781],\n",
       "       [0.16171336, 0.01767675, 0.82060989],\n",
       "       [0.79148415, 0.01440341, 0.19411243],\n",
       "       [0.01477366, 0.97892611, 0.00630023],\n",
       "       [0.0179378 , 0.9756152 , 0.006447  ],\n",
       "       [0.04217841, 0.9363373 , 0.02148428],\n",
       "       [0.19784569, 0.00753281, 0.7946215 ],\n",
       "       [0.04971193, 0.93391669, 0.01637138],\n",
       "       [0.49063484, 0.009441  , 0.49992416],\n",
       "       [0.16425442, 0.00564169, 0.83010389],\n",
       "       [0.26203834, 0.01052942, 0.72743224],\n",
       "       [0.00770021, 0.98917924, 0.00312054],\n",
       "       [0.08900035, 0.88246172, 0.02853794],\n",
       "       [0.6310127 , 0.04209351, 0.32689379],\n",
       "       [0.03738029, 0.94734483, 0.01527488],\n",
       "       [0.60529339, 0.01250775, 0.38219886],\n",
       "       [0.91842359, 0.00606139, 0.07551503],\n",
       "       [0.62008227, 0.01282501, 0.36709271],\n",
       "       [0.11723159, 0.01787337, 0.86489503],\n",
       "       [0.65028741, 0.02953712, 0.32017547],\n",
       "       [0.1300776 , 0.01517648, 0.85474592],\n",
       "       [0.17121657, 0.01465352, 0.81412992],\n",
       "       [0.7443012 , 0.04304919, 0.21264962],\n",
       "       [0.04067483, 0.94104726, 0.0182779 ],\n",
       "       [0.9281596 , 0.00770215, 0.06413824],\n",
       "       [0.23046793, 0.70754735, 0.06198473],\n",
       "       [0.8339734 , 0.01958973, 0.14643686],\n",
       "       [0.77173825, 0.01315608, 0.21510567],\n",
       "       [0.02968204, 0.96011454, 0.01020342],\n",
       "       [0.73672107, 0.01499157, 0.24828735],\n",
       "       [0.13365033, 0.82080582, 0.04554385],\n",
       "       [0.08163625, 0.87710956, 0.04125419],\n",
       "       [0.11781397, 0.01404271, 0.86814332],\n",
       "       [0.14129301, 0.01494542, 0.84376157],\n",
       "       [0.08225941, 0.00491201, 0.91282858],\n",
       "       [0.00577375, 0.99208647, 0.00213978],\n",
       "       [0.02729112, 0.96242299, 0.01028589],\n",
       "       [0.30640289, 0.01707821, 0.6765189 ],\n",
       "       [0.02443426, 0.96658501, 0.00898073],\n",
       "       [0.17837935, 0.01069765, 0.81092301],\n",
       "       [0.02559673, 0.96473666, 0.00966661],\n",
       "       [0.03574059, 0.00185701, 0.9624024 ],\n",
       "       [0.34295002, 0.04363423, 0.61341575],\n",
       "       [0.0195697 , 0.97328822, 0.00714208],\n",
       "       [0.06141891, 0.00752481, 0.93105628],\n",
       "       [0.07595188, 0.897898  , 0.02615012],\n",
       "       [0.74578118, 0.02328457, 0.23093424],\n",
       "       [0.05167662, 0.93125953, 0.01706386],\n",
       "       [0.79662282, 0.03028957, 0.17308761],\n",
       "       [0.67070437, 0.06792756, 0.26136807],\n",
       "       [0.0035391 , 0.99506857, 0.00139233],\n",
       "       [0.0328058 , 0.95610427, 0.01108993],\n",
       "       [0.76699714, 0.05254093, 0.18046192],\n",
       "       [0.07508835, 0.89681462, 0.02809703],\n",
       "       [0.68179326, 0.01916998, 0.29903676],\n",
       "       [0.80116468, 0.00686769, 0.19196764],\n",
       "       [0.00351396, 0.99509735, 0.00138869],\n",
       "       [0.79366787, 0.01233965, 0.19399248],\n",
       "       [0.813128  , 0.01282887, 0.17404313],\n",
       "       [0.52998052, 0.03612125, 0.43389823],\n",
       "       [0.71657531, 0.02934185, 0.25408283],\n",
       "       [0.17837935, 0.01069765, 0.81092301],\n",
       "       [0.04750072, 0.93236279, 0.02013649],\n",
       "       [0.05048679, 0.93114497, 0.01836824],\n",
       "       [0.45126361, 0.03932046, 0.50941593],\n",
       "       [0.8338314 , 0.01783664, 0.14833196],\n",
       "       [0.63516955, 0.01555802, 0.34927243],\n",
       "       [0.83051168, 0.03726266, 0.13222566],\n",
       "       [0.68151169, 0.00728785, 0.31120046],\n",
       "       [0.45977336, 0.00931632, 0.53091032],\n",
       "       [0.68335861, 0.00896942, 0.30767198],\n",
       "       [0.05840117, 0.00680192, 0.93479691],\n",
       "       [0.02315012, 0.96644478, 0.0104051 ]])"
      ]
     },
     "execution_count": 15,
     "metadata": {},
     "output_type": "execute_result"
    }
   ],
   "source": [
    "new_owners"
   ]
  },
  {
   "cell_type": "code",
   "execution_count": null,
   "outputs": [],
   "source": [
    "d = {0: 0, 1: 0, 2: 0}\n",
    "for owner in new_owners:\n",
    "    d[owner.argmax()] += 1\n",
    "    \n",
    "print(d)"
   ],
   "metadata": {
    "collapsed": false,
    "pycharm": {
     "name": "#%%\n"
    }
   }
  },
  {
   "cell_type": "code",
   "execution_count": null,
   "outputs": [],
   "source": [],
   "metadata": {
    "collapsed": false,
    "pycharm": {
     "name": "#%%\n"
    }
   }
  },
  {
   "cell_type": "code",
   "execution_count": null,
   "outputs": [],
   "source": [],
   "metadata": {
    "collapsed": false,
    "pycharm": {
     "name": "#%%\n"
    }
   }
  },
  {
   "cell_type": "code",
   "execution_count": null,
   "outputs": [],
   "source": [],
   "metadata": {
    "collapsed": false,
    "pycharm": {
     "name": "#%%\n"
    }
   }
  },
  {
   "cell_type": "code",
   "execution_count": null,
   "outputs": [],
   "source": [],
   "metadata": {
    "collapsed": false,
    "pycharm": {
     "name": "#%%\n"
    }
   }
  },
  {
   "cell_type": "code",
   "execution_count": null,
   "outputs": [],
   "source": [],
   "metadata": {
    "collapsed": false,
    "pycharm": {
     "name": "#%%\n"
    }
   }
  },
  {
   "cell_type": "code",
   "execution_count": null,
   "outputs": [],
   "source": [],
   "metadata": {
    "collapsed": false,
    "pycharm": {
     "name": "#%%\n"
    }
   }
  },
  {
   "cell_type": "code",
   "execution_count": null,
   "outputs": [],
   "source": [],
   "metadata": {
    "collapsed": false,
    "pycharm": {
     "name": "#%%\n"
    }
   }
  },
  {
   "cell_type": "code",
   "execution_count": null,
   "outputs": [],
   "source": [],
   "metadata": {
    "collapsed": false,
    "pycharm": {
     "name": "#%%\n"
    }
   }
  },
  {
   "cell_type": "code",
   "execution_count": null,
   "outputs": [],
   "source": [],
   "metadata": {
    "collapsed": false,
    "pycharm": {
     "name": "#%%\n"
    }
   }
  },
  {
   "cell_type": "code",
   "execution_count": null,
   "outputs": [],
   "source": [],
   "metadata": {
    "collapsed": false,
    "pycharm": {
     "name": "#%%\n"
    }
   }
  },
  {
   "cell_type": "code",
   "execution_count": null,
   "outputs": [],
   "source": [],
   "metadata": {
    "collapsed": false,
    "pycharm": {
     "name": "#%%\n"
    }
   }
  },
  {
   "cell_type": "code",
   "execution_count": null,
   "outputs": [],
   "source": [],
   "metadata": {
    "collapsed": false,
    "pycharm": {
     "name": "#%%\n"
    }
   }
  },
  {
   "cell_type": "code",
   "execution_count": 16,
   "metadata": {
    "pycharm": {
     "name": "#%%\n"
    }
   },
   "outputs": [
    {
     "name": "stdout",
     "output_type": "stream",
     "text": [
      "{0: 59, 1: 50, 2: 41}\n"
     ]
    }
   ],
   "source": []
  },
  {
   "cell_type": "code",
   "execution_count": null,
   "metadata": {},
   "outputs": [],
   "source": []
  }
 ],
 "metadata": {
  "kernelspec": {
   "display_name": "Python 3",
   "language": "python",
   "name": "python3"
  },
  "language_info": {
   "codemirror_mode": {
    "name": "ipython",
    "version": 3
   },
   "file_extension": ".py",
   "mimetype": "text/x-python",
   "name": "python",
